0	心灵召唤	0	10|0	380	1	通用技能|召唤你的仆从到身边|	1	0	1
0	英雄令	1140	20000|0	380	1	江湖英雄令|请求全服玩家支援|对象需要开启[接受英雄令]|	1	0	1
1	真视卷轴	1012	300|0	380	1	获得原始经验|高等级升级困难，可使用本道具|击杀怪物获得原始经验，不会|经验衰减，本产品可获得1小时|原始经验时间|	1	0	1
1	真视秘籍	1012	1000|0	380	1	获得原始经验|高等级升级困难，可使用本道具|击杀怪物获得原始经验，不会|经验衰减，本产品可获得3小时|原始经验时间|	1	0	1
2	粗坯·拆门板	10000	1000|0	380	1	军鼓|军鼓|	1	0	1
2	粗坯·铁头娃	10042	1000|0	380	1	军鼓|军鼓|	1	0	1
2	粗坯·剁馅机	10021	1000|0	380	1	军鼓|军鼓|	1	0	1
2	粗坯·电耗子	10007	1000|0	380	1	军鼓|军鼓|	1	0	1
2	粗坯·火葫芦	10028	1000|0	380	1	军鼓|军鼓|	1	0	1
2	粗坯·小冰箱	10049	1000|0	380	1	军鼓|军鼓|	1	0	1
2	粗坯·养娃人	10056	1000|0	380	1	军鼓|军鼓|	1	0	1
2	粗坯·奶不死	10035	1000|0	380	1	军鼓|军鼓|	1	0	1
2	粗坯·毒嘴子	10014	1000|0	380	1	军鼓|军鼓|	1	0	1
2	精制·拆门板	10001	10000|0	380	1	高级军鼓|高级军鼓|	1	0	1
2	精制·铁头娃	10043	10000|0	380	1	高级军鼓|高级军鼓|	1	0	1
2	精制·电耗子	10008	10000|0	380	1	高级军鼓|高级军鼓|	1	0	1
2	精制·火葫芦	10029	10000|0	380	1	高级军鼓|高级军鼓|	1	0	1
2	精制·小冰箱	10050	10000|0	380	1	高级军鼓|高级军鼓|	1	0	1
2	精制·养娃人	10057	10000|0	380	1	高级军鼓|高级军鼓|	1	0	1
2	精制·奶不死	10036	10000|0	380	1	高级军鼓|高级军鼓|	1	0	1
2	精制·毒嘴子	10015	10000|0	380	1	高级军鼓|高级军鼓|	1	0	1
2	精制·剁馅机	10022	10000|0	380	1	高级军鼓|高级军鼓|	1	0	1
3	金条	117	1200000|1	380	1	金条只能交易|金条只能交易|	1	0	99
3	金砖	121	5000000|1	380	1	金砖只能交易哦|金砖只能交易哦|	1	0	99
5	修复神水	120	10000|1	380	1	修复神水|修复神水|	1	0	99
5	随机传送石	1025	10000|1	380	1	随机传送石|随机传送石|	1	0	99
5	千里传音(小)	1000	100|0	380	1	输入“@传”全局喊?|输入“@传”全局喊话|	1	0	1
